#0
1	0	0	76.4373
0	1	0	90.8328
0	0	1	0
0	0	0	1
#1
1	0	0	76.5492
0	1	0	81.8378
0	0	1	0
0	0	0	1
#10
1	0	0	71.714
0	1	0	93.5205
0	0	1	0
0	0	0	1
#100
1	0	0	14.5469
0	1	0	89.0596
0	0	1	0
0	0	0	1
#101
1	0	0	14.1642
0	1	0	81.7809
0	0	1	0
0	0	0	1
#102
1	0	0	14.4114
0	1	0	92.9638
0	0	1	0
0	0	0	1
#103
1	0	0	14.4479
0	1	0	102.051
0	0	1	0
0	0	0	1
#104
1	0	0	12.4942
0	1	0	88.7474
0	0	1	0
0	0	0	1
#105
1	0	0	12.3117
0	1	0	82.3141
0	0	1	0
0	0	0	1
#106
1	0	0	12.32
0	1	0	93.3715
0	0	1	0
0	0	0	1
#107
1	0	0	12.6398
0	1	0	102.444
0	0	1	0
0	0	0	1
#108
1	0	0	10.4322
0	1	0	89.1761
0	0	1	0
0	0	0	1
#109
1	0	0	10.3126
0	1	0	82.3854
0	0	1	0
0	0	0	1
#11
1	0	0	71.3507
0	1	0	102.568
0	0	1	0
0	0	0	1
#110
1	0	0	10.3563
0	1	0	92.8772
0	0	1	0
0	0	0	1
#111
1	0	0	10.1191
0	1	0	102.742
0	0	1	0
0	0	0	1
#112
1	0	0	8.17922
0	1	0	89.1695
0	0	1	0
0	0	0	1
#113
1	0	0	8.06907
0	1	0	82.6096
0	0	1	0
0	0	0	1
#114
1	0	0	8.28634
0	1	0	93.3189
0	0	1	0
0	0	0	1
#115
1	0	0	8.19871
0	1	0	102.297
0	0	1	0
0	0	0	1
#116
1	0	0	6.03855
0	1	0	88.8847
0	0	1	0
0	0	0	1
#117
1	0	0	5.99699
0	1	0	82.8412
0	0	1	0
0	0	0	1
#118
1	0	0	6.27513
0	1	0	93.434
0	0	1	0
0	0	0	1
#119
1	0	0	6.21684
0	1	0	102.287
0	0	1	0
0	0	0	1
#12
1	0	0	69.4749
0	1	0	90.4599
0	0	1	0
0	0	0	1
#120
1	0	0	4.22388
0	1	0	88.8807
0	0	1	0
0	0	0	1
#121
1	0	0	4.19522
0	1	0	83.019
0	0	1	0
0	0	0	1
#122
1	0	0	4.17744
0	1	0	93.1571
0	0	1	0
0	0	0	1
#123
1	0	0	4.13111
0	1	0	102.286
0	0	1	0
0	0	0	1
#124
1	0	0	2.26554
0	1	0	88.9016
0	0	1	0
0	0	0	1
#125
1	0	0	2.21607
0	1	0	83.0181
0	0	1	0
0	0	0	1
#126
1	0	0	2.33587
0	1	0	93.0295
0	0	1	0
0	0	0	1
#127
1	0	0	2.07097
0	1	0	101.988
0	0	1	0
0	0	0	1
#128
1	0	0	2.29209
0	1	0	72.0719
0	0	1	0
0	0	0	1
#129
1	0	0	2.38277
0	1	0	79.2319
0	0	1	0
0	0	0	1
#13
1	0	0	69.63
0	1	0	82.1225
0	0	1	0
0	0	0	1
#130
1	0	0	2.13776
0	1	0	67.5093
0	0	1	0
0	0	0	1
#131
1	0	0	2.0294
0	1	0	59.2922
0	0	1	0
0	0	0	1
#132
1	0	0	4.44026
0	1	0	71.652
0	0	1	0
0	0	0	1
#133
1	0	0	4.60523
0	1	0	79.5705
0	0	1	0
0	0	0	1
#134
1	0	0	4.40627
0	1	0	67.717
0	0	1	0
0	0	0	1
#135
1	0	0	4.41568
0	1	0	59.3622
0	0	1	0
0	0	0	1
#136
1	0	0	6.58257
0	1	0	72.1852
0	0	1	0
0	0	0	1
#137
1	0	0	6.61475
0	1	0	79.7949
0	0	1	0
0	0	0	1
#138
1	0	0	6.71832
0	1	0	67.781
0	0	1	0
0	0	0	1
#139
1	0	0	6.44292
0	1	0	59.3826
0	0	1	0
0	0	0	1
#14
1	0	0	69.4662
0	1	0	93.7729
0	0	1	0
0	0	0	1
#140
1	0	0	8.66755
0	1	0	72.2593
0	0	1	0
0	0	0	1
#141
1	0	0	8.99623
0	1	0	79.4529
0	0	1	0
0	0	0	1
#142
1	0	0	8.22093
0	1	0	67.7803
0	0	1	0
0	0	0	1
#143
1	0	0	8.41157
0	1	0	59.2695
0	0	1	0
0	0	0	1
#144
1	0	0	10.2927
0	1	0	71.9874
0	0	1	0
0	0	0	1
#145
1	0	0	10.5802
0	1	0	79.1507
0	0	1	0
0	0	0	1
#146
1	0	0	10.1715
0	1	0	67.9542
0	0	1	0
0	0	0	1
#147
1	0	0	10.5957
0	1	0	59.4708
0	0	1	0
0	0	0	1
#148
1	0	0	12.6613
0	1	0	71.6419
0	0	1	0
0	0	0	1
#149
1	0	0	12.8877
0	1	0	78.9621
0	0	1	0
0	0	0	1
#15
1	0	0	69.1625
0	1	0	102.732
0	0	1	0
0	0	0	1
#150
1	0	0	12.3881
0	1	0	67.7118
0	0	1	0
0	0	0	1
#151
1	0	0	12.6334
0	1	0	59.5212
0	0	1	0
0	0	0	1
#152
1	0	0	14.6391
0	1	0	71.8187
0	0	1	0
0	0	0	1
#153
1	0	0	14.9889
0	1	0	78.6547
0	0	1	0
0	0	0	1
#154
1	0	0	14.669
0	1	0	67.615
0	0	1	0
0	0	0	1
#155
1	0	0	14.6218
0	1	0	59.5262
0	0	1	0
0	0	0	1
#156
1	0	0	16.5823
0	1	0	71.6449
0	0	1	0
0	0	0	1
#157
1	0	0	16.9772
0	1	0	78.3808
0	0	1	0
0	0	0	1
#158
1	0	0	16.6033
0	1	0	67.5131
0	0	1	0
0	0	0	1
#159
1	0	0	16.6767
0	1	0	59.5611
0	0	1	0
0	0	0	1
#16
1	0	0	67.1638
0	1	0	90.4189
0	0	1	0
0	0	0	1
#160
1	0	0	18.637
0	1	0	72.081
0	0	1	0
0	0	0	1
#161
1	0	0	18.995
0	1	0	78.3765
0	0	1	0
0	0	0	1
#162
1	0	0	18.6204
0	1	0	67.7197
0	0	1	0
0	0	0	1
#163
1	0	0	18.6916
0	1	0	59.49
0	0	1	0
0	0	0	1
#164
1	0	0	20.9519
0	1	0	71.7667
0	0	1	0
0	0	0	1
#165
1	0	0	20.7759
0	1	0	77.843
0	0	1	0
0	0	0	1
#166
1	0	0	20.5102
0	1	0	67.8611
0	0	1	0
0	0	0	1
#167
1	0	0	21.0563
0	1	0	59.8826
0	0	1	0
0	0	0	1
#168
1	0	0	22.7864
0	1	0	72.012
0	0	1	0
0	0	0	1
#169
1	0	0	23.1299
0	1	0	77.4484
0	0	1	0
0	0	0	1
#17
1	0	0	67.2984
0	1	0	81.8277
0	0	1	0
0	0	0	1
#170
1	0	0	22.7802
0	1	0	67.4373
0	0	1	0
0	0	0	1
#171
1	0	0	22.8992
0	1	0	59.1042
0	0	1	0
0	0	0	1
#172
1	0	0	27.7915
0	1	0	72.1573
0	0	1	0
0	0	0	1
#173
1	0	0	27.9576
0	1	0	80.4926
0	0	1	0
0	0	0	1
#174
1	0	0	28.1995
0	1	0	67.5071
0	0	1	0
0	0	0	1
#175
1	0	0	27.9845
0	1	0	58.7245
0	0	1	0
0	0	0	1
#176
1	0	0	30.253
0	1	0	71.803
0	0	1	0
0	0	0	1
#177
1	0	0	30.3293
0	1	0	80.1142
0	0	1	0
0	0	0	1
#178
1	0	0	30.0692
0	1	0	67.642
0	0	1	0
0	0	0	1
#179
1	0	0	30.287
0	1	0	58.8079
0	0	1	0
0	0	0	1
#18
1	0	0	67.063
0	1	0	93.7563
0	0	1	0
0	0	0	1
#180
1	0	0	32.553
0	1	0	72.4368
0	0	1	0
0	0	0	1
#181
1	0	0	32.553
0	1	0	80.2681
0	0	1	0
0	0	0	1
#182
1	0	0	32.7246
0	1	0	67.4447
0	0	1	0
0	0	0	1
#183
1	0	0	32.6934
0	1	0	59.083
0	0	1	0
0	0	0	1
#184
1	0	0	34.5947
0	1	0	71.756
0	0	1	0
0	0	0	1
#185
1	0	0	35.0306
0	1	0	80.4483
0	0	1	0
0	0	0	1
#186
1	0	0	34.6543
0	1	0	67.6853
0	0	1	0
0	0	0	1
#187
1	0	0	34.6852
0	1	0	58.8094
0	0	1	0
0	0	0	1
#188
1	0	0	36.7122
0	1	0	71.535
0	0	1	0
0	0	0	1
#189
1	0	0	37.1999
0	1	0	80.258
0	0	1	0
0	0	0	1
#19
1	0	0	66.7851
0	1	0	102.589
0	0	1	0
0	0	0	1
#190
1	0	0	36.8377
0	1	0	67.7067
0	0	1	0
0	0	0	1
#191
1	0	0	36.7895
0	1	0	58.2391
0	0	1	0
0	0	0	1
#192
1	0	0	39.1605
0	1	0	71.82
0	0	1	0
0	0	0	1
#193
1	0	0	39.4145
0	1	0	80.3495
0	0	1	0
0	0	0	1
#194
1	0	0	39.1448
0	1	0	67.7598
0	0	1	0
0	0	0	1
#195
1	0	0	39.0976
0	1	0	58.1598
0	0	1	0
0	0	0	1
#196
1	0	0	41.3684
0	1	0	71.8579
0	0	1	0
0	0	0	1
#197
1	0	0	41.6299
0	1	0	80.4098
0	0	1	0
0	0	0	1
#198
1	0	0	41.1317
0	1	0	67.9129
0	0	1	0
0	0	0	1
#199
1	0	0	41.4157
0	1	0	58.2555
0	0	1	0
0	0	0	1
#2
1	0	0	76.2602
0	1	0	93.8157
0	0	1	0
0	0	0	1
#20
1	0	0	64.8922
0	1	0	90.3352
0	0	1	0
0	0	0	1
#200
1	0	0	43.7028
0	1	0	71.5125
0	0	1	0
0	0	0	1
#201
1	0	0	43.9361
0	1	0	80.1855
0	0	1	0
0	0	0	1
#202
1	0	0	43.6121
0	1	0	67.6407
0	0	1	0
0	0	0	1
#203
1	0	0	43.4854
0	1	0	58.1066
0	0	1	0
0	0	0	1
#204
1	0	0	46.0245
0	1	0	71.3682
0	0	1	0
0	0	0	1
#205
1	0	0	46.1789
0	1	0	80.1765
0	0	1	0
0	0	0	1
#206
1	0	0	45.9305
0	1	0	67.6227
0	0	1	0
0	0	0	1
#207
1	0	0	45.8412
0	1	0	58.18
0	0	1	0
0	0	0	1
#208
1	0	0	47.8642
0	1	0	71.3645
0	0	1	0
0	0	0	1
#209
1	0	0	48.0999
0	1	0	79.3971
0	0	1	0
0	0	0	1
#21
1	0	0	65.2042
0	1	0	82.0107
0	0	1	0
0	0	0	1
#210
1	0	0	48.014
0	1	0	67.7423
0	0	1	0
0	0	0	1
#211
1	0	0	48.0439
0	1	0	58.4024
0	0	1	0
0	0	0	1
#212
1	0	0	50.4884
0	1	0	71.5573
0	0	1	0
0	0	0	1
#213
1	0	0	50.5207
0	1	0	79.1916
0	0	1	0
0	0	0	1
#214
1	0	0	50.1367
0	1	0	67.8634
0	0	1	0
0	0	0	1
#215
1	0	0	50.4586
0	1	0	58.8511
0	0	1	0
0	0	0	1
#216
1	0	0	55.9679
0	1	0	72.264
0	0	1	0
0	0	0	1
#217
1	0	0	55.8052
0	1	0	79.0493
0	0	1	0
0	0	0	1
#218
1	0	0	55.7123
0	1	0	67.8953
0	0	1	0
0	0	0	1
#219
1	0	0	55.4787
0	1	0	59.4101
0	0	1	0
0	0	0	1
#22
1	0	0	64.69
0	1	0	93.7192
0	0	1	0
0	0	0	1
#220
1	0	0	58.1401
0	1	0	71.8565
0	0	1	0
0	0	0	1
#221
1	0	0	58.3782
0	1	0	79.1189
0	0	1	0
0	0	0	1
#222
1	0	0	58.0003
0	1	0	67.4296
0	0	1	0
0	0	0	1
#223
1	0	0	58.0935
0	1	0	59.4146
0	0	1	0
0	0	0	1
#224
1	0	0	60.3031
0	1	0	71.4416
0	0	1	0
0	0	0	1
#225
1	0	0	60.6354
0	1	0	79.5703
0	0	1	0
0	0	0	1
#226
1	0	0	60.4667
0	1	0	67.5621
0	0	1	0
0	0	0	1
#227
1	0	0	60.1161
0	1	0	59.4291
0	0	1	0
0	0	0	1
#228
1	0	0	62.9586
0	1	0	71.1017
0	0	1	0
0	0	0	1
#229
1	0	0	62.8412
0	1	0	79.2691
0	0	1	0
0	0	0	1
#23
1	0	0	64.2483
0	1	0	102.175
0	0	1	0
0	0	0	1
#230
1	0	0	62.2215
0	1	0	67.7891
0	0	1	0
0	0	0	1
#231
1	0	0	62.2151
0	1	0	59.6507
0	0	1	0
0	0	0	1
#232
1	0	0	64.8101
0	1	0	71.3566
0	0	1	0
0	0	0	1
#233
1	0	0	64.9084
0	1	0	79.7258
0	0	1	0
0	0	0	1
#234
1	0	0	64.9277
0	1	0	67.5002
0	0	1	0
0	0	0	1
#235
1	0	0	64.669
0	1	0	59.7873
0	0	1	0
0	0	0	1
#236
1	0	0	66.943
0	1	0	71.5496
0	0	1	0
0	0	0	1
#237
1	0	0	66.9851
0	1	0	79.5716
0	0	1	0
0	0	0	1
#238
1	0	0	67.1737
0	1	0	67.6409
0	0	1	0
0	0	0	1
#239
1	0	0	66.9851
0	1	0	59.7186
0	0	1	0
0	0	0	1
#24
1	0	0	62.7162
0	1	0	90.2621
0	0	1	0
0	0	0	1
#240
1	0	0	69.8112
0	1	0	71.4966
0	0	1	0
0	0	0	1
#241
1	0	0	69.7577
0	1	0	79.3603
0	0	1	0
0	0	0	1
#242
1	0	0	69.521
0	1	0	67.9988
0	0	1	0
0	0	0	1
#243
1	0	0	69.5089
0	1	0	59.6395
0	0	1	0
0	0	0	1
#244
1	0	0	71.7944
0	1	0	72.0816
0	0	1	0
0	0	0	1
#245
1	0	0	72.0625
0	1	0	79.7219
0	0	1	0
0	0	0	1
#246
1	0	0	71.8656
0	1	0	67.8094
0	0	1	0
0	0	0	1
#247
1	0	0	71.9843
0	1	0	60.0246
0	0	1	0
0	0	0	1
#248
1	0	0	73.8422
0	1	0	72.2361
0	0	1	0
0	0	0	1
#249
1	0	0	74.1912
0	1	0	79.9905
0	0	1	0
0	0	0	1
#25
1	0	0	62.7347
0	1	0	81.9985
0	0	1	0
0	0	0	1
#250
1	0	0	74.0052
0	1	0	67.8053
0	0	1	0
0	0	0	1
#251
1	0	0	73.9018
0	1	0	59.9873
0	0	1	0
0	0	0	1
#252
1	0	0	76.095
0	1	0	71.9214
0	0	1	0
0	0	0	1
#253
1	0	0	76.1996
0	1	0	79.6728
0	0	1	0
0	0	0	1
#254
1	0	0	75.9993
0	1	0	67.8532
0	0	1	0
0	0	0	1
#255
1	0	0	76.0306
0	1	0	59.932
0	0	1	0
0	0	0	1
#256
1	0	0	76.2274
0	1	0	45.3623
0	0	1	0
0	0	0	1
#257
1	0	0	76.1866
0	1	0	37.4085
0	0	1	0
0	0	0	1
#258
1	0	0	76.1546
0	1	0	48.7836
0	0	1	0
0	0	0	1
#259
1	0	0	76.3011
0	1	0	57.1936
0	0	1	0
0	0	0	1
#26
1	0	0	62.4383
0	1	0	93.7719
0	0	1	0
0	0	0	1
#260
1	0	0	73.8948
0	1	0	45.9512
0	0	1	0
0	0	0	1
#261
1	0	0	74.0093
0	1	0	37.0589
0	0	1	0
0	0	0	1
#262
1	0	0	73.9375
0	1	0	48.4574
0	0	1	0
0	0	0	1
#263
1	0	0	73.8262
0	1	0	57.4499
0	0	1	0
0	0	0	1
#264
1	0	0	71.7123
0	1	0	45.8303
0	0	1	0
0	0	0	1
#265
1	0	0	71.5638
0	1	0	37.0688
0	0	1	0
0	0	0	1
#266
1	0	0	71.7123
0	1	0	48.7817
0	0	1	0
0	0	0	1
#267
1	0	0	71.6783
0	1	0	57.1884
0	0	1	0
0	0	0	1
#268
1	0	0	69.5959
0	1	0	45.7196
0	0	1	0
0	0	0	1
#269
1	0	0	69.5597
0	1	0	36.9845
0	0	1	0
0	0	0	1
#27
1	0	0	62.3081
0	1	0	102.379
0	0	1	0
0	0	0	1
#270
1	0	0	69.339
0	1	0	48.5934
0	0	1	0
0	0	0	1
#271
1	0	0	69.4133
0	1	0	57.3759
0	0	1	0
0	0	0	1
#272
1	0	0	67.0961
0	1	0	45.8325
0	0	1	0
0	0	0	1
#273
1	0	0	67.2472
0	1	0	37.0734
0	0	1	0
0	0	0	1
#274
1	0	0	67.1706
0	1	0	48.964
0	0	1	0
0	0	0	1
#275
1	0	0	67.1303
0	1	0	57.7532
0	0	1	0
0	0	0	1
#276
1	0	0	65.1382
0	1	0	45.8782
0	0	1	0
0	0	0	1
#277
1	0	0	64.9139
0	1	0	37.2794
0	0	1	0
0	0	0	1
#278
1	0	0	64.7987
0	1	0	49.078
0	0	1	0
0	0	0	1
#279
1	0	0	64.833
0	1	0	57.6118
0	0	1	0
0	0	0	1
#28
1	0	0	60.4747
0	1	0	90.1543
0	0	1	0
0	0	0	1
#280
1	0	0	62.7186
0	1	0	45.7795
0	0	1	0
0	0	0	1
#281
1	0	0	62.8349
0	1	0	37.4024
0	0	1	0
0	0	0	1
#282
1	0	0	62.8681
0	1	0	48.8112
0	0	1	0
0	0	0	1
#283
1	0	0	62.5562
0	1	0	57.7168
0	0	1	0
0	0	0	1
#284
1	0	0	60.3172
0	1	0	45.6016
0	0	1	0
0	0	0	1
#285
1	0	0	60.5476
0	1	0	36.9904
0	0	1	0
0	0	0	1
#286
1	0	0	60.3124
0	1	0	49.1025
0	0	1	0
0	0	0	1
#287
1	0	0	60.2699
0	1	0	57.5369
0	0	1	0
0	0	0	1
#288
1	0	0	58.1393
0	1	0	45.4997
0	0	1	0
0	0	0	1
#289
1	0	0	58.3277
0	1	0	37.0555
0	0	1	0
0	0	0	1
#29
1	0	0	60.548
0	1	0	81.8924
0	0	1	0
0	0	0	1
#290
1	0	0	58.4031
0	1	0	48.949
0	0	1	0
0	0	0	1
#291
1	0	0	58.0325
0	1	0	57.4975
0	0	1	0
0	0	0	1
#292
1	0	0	55.7633
0	1	0	45.5902
0	0	1	0
0	0	0	1
#293
1	0	0	56.0174
0	1	0	36.8421
0	0	1	0
0	0	0	1
#294
1	0	0	55.904
0	1	0	48.7699
0	0	1	0
0	0	0	1
#295
1	0	0	55.5054
0	1	0	57.1441
0	0	1	0
0	0	0	1
#296
1	0	0	49.8666
0	1	0	45.1
0	0	1	0
0	0	0	1
#297
1	0	0	50.0501
0	1	0	36.543
0	0	1	0
0	0	0	1
#298
1	0	0	49.6954
0	1	0	48.8395
0	0	1	0
0	0	0	1
#299
1	0	0	49.8274
0	1	0	57.1946
0	0	1	0
0	0	0	1
#3
1	0	0	75.8993
0	1	0	102.756
0	0	1	0
0	0	0	1
#30
1	0	0	60.4973
0	1	0	93.588
0	0	1	0
0	0	0	1
#300
1	0	0	46.2187
0	1	0	45.157
0	0	1	0
0	0	0	1
#301
1	0	0	46.3531
0	1	0	36.6765
0	0	1	0
0	0	0	1
#302
1	0	0	46.3297
0	1	0	48.8217
0	0	1	0
0	0	0	1
#303
1	0	0	46.0759
0	1	0	57.0285
0	0	1	0
0	0	0	1
#304
1	0	0	42.4823
0	1	0	45.5082
0	0	1	0
0	0	0	1
#305
1	0	0	42.7002
0	1	0	36.4878
0	0	1	0
0	0	0	1
#306
1	0	0	43.0326
0	1	0	48.5481
0	0	1	0
0	0	0	1
#307
1	0	0	42.746
0	1	0	56.7462
0	0	1	0
0	0	0	1
#308
1	0	0	39.4169
0	1	0	45.338
0	0	1	0
0	0	0	1
#309
1	0	0	39.4875
0	1	0	36.6492
0	0	1	0
0	0	0	1
#31
1	0	0	60.0847
0	1	0	101.947
0	0	1	0
0	0	0	1
#310
1	0	0	39.234
0	1	0	48.3826
0	0	1	0
0	0	0	1
#311
1	0	0	39.1727
0	1	0	56.6171
0	0	1	0
0	0	0	1
#312
1	0	0	35.4097
0	1	0	45.314
0	0	1	0
0	0	0	1
#313
1	0	0	35.9188
0	1	0	36.7054
0	0	1	0
0	0	0	1
#314
1	0	0	35.8305
0	1	0	48.6299
0	0	1	0
0	0	0	1
#315
1	0	0	35.8016
0	1	0	56.2624
0	0	1	0
0	0	0	1
#316
1	0	0	32.5051
0	1	0	45.7052
0	0	1	0
0	0	0	1
#317
1	0	0	32.2601
0	1	0	36.5852
0	0	1	0
0	0	0	1
#318
1	0	0	32.7562
0	1	0	48.382
0	0	1	0
0	0	0	1
#319
1	0	0	32.791
0	1	0	57.1393
0	0	1	0
0	0	0	1
#32
1	0	0	58.1657
0	1	0	90.0536
0	0	1	0
0	0	0	1
#320
1	0	0	29.0901
0	1	0	45.3739
0	0	1	0
0	0	0	1
#321
1	0	0	28.7337
0	1	0	36.8205
0	0	1	0
0	0	0	1
#322
1	0	0	29.0537
0	1	0	48.592
0	0	1	0
0	0	0	1
#323
1	0	0	29.0949
0	1	0	57.3008
0	0	1	0
0	0	0	1
#324
1	0	0	2.54296
0	1	0	44.8521
0	0	1	0
0	0	0	1
#325
1	0	0	2.46768
0	1	0	36.4569
0	0	1	0
0	0	0	1
#326
1	0	0	2.54296
0	1	0	49.2623
0	0	1	0
0	0	0	1
#327
1	0	0	2.264
0	1	0	56.7011
0	0	1	0
0	0	0	1
#328
1	0	0	4.33053
0	1	0	44.785
0	0	1	0
0	0	0	1
#329
1	0	0	4.52542
0	1	0	36.5285
0	0	1	0
0	0	0	1
#33
1	0	0	58.2815
0	1	0	81.6862
0	0	1	0
0	0	0	1
#330
1	0	0	4.52985
0	1	0	48.8601
0	0	1	0
0	0	0	1
#331
1	0	0	4.4248
0	1	0	57.0908
0	0	1	0
0	0	0	1
#332
1	0	0	6.24497
0	1	0	45.3533
0	0	1	0
0	0	0	1
#333
1	0	0	6.41343
0	1	0	36.3987
0	0	1	0
0	0	0	1
#334
1	0	0	6.75732
0	1	0	48.5352
0	0	1	0
0	0	0	1
#335
1	0	0	6.66973
0	1	0	56.9136
0	0	1	0
0	0	0	1
#336
1	0	0	8.5643
0	1	0	45.3437
0	0	1	0
0	0	0	1
#337
1	0	0	8.64866
0	1	0	36.1927
0	0	1	0
0	0	0	1
#338
1	0	0	8.69744
0	1	0	48.3255
0	0	1	0
0	0	0	1
#339
1	0	0	8.62206
0	1	0	56.7687
0	0	1	0
0	0	0	1
#34
1	0	0	58.1095
0	1	0	93.2366
0	0	1	0
0	0	0	1
#340
1	0	0	10.5771
0	1	0	45.3299
0	0	1	0
0	0	0	1
#341
1	0	0	10.4574
0	1	0	36.0742
0	0	1	0
0	0	0	1
#342
1	0	0	10.6879
0	1	0	48.4151
0	0	1	0
0	0	0	1
#343
1	0	0	10.7633
0	1	0	56.6779
0	0	1	0
0	0	0	1
#344
1	0	0	12.6113
0	1	0	45.1459
0	0	1	0
0	0	0	1
#345
1	0	0	12.6386
0	1	0	36.3478
0	0	1	0
0	0	0	1
#346
1	0	0	12.7998
0	1	0	48.435
0	0	1	0
0	0	0	1
#347
1	0	0	12.8841
0	1	0	56.852
0	0	1	0
0	0	0	1
#348
1	0	0	14.7775
0	1	0	45.0766
0	0	1	0
0	0	0	1
#349
1	0	0	14.7531
0	1	0	36.7041
0	0	1	0
0	0	0	1
#35
1	0	0	57.805
0	1	0	102.081
0	0	1	0
0	0	0	1
#350
1	0	0	14.742
0	1	0	48.5228
0	0	1	0
0	0	0	1
#351
1	0	0	14.7109
0	1	0	56.9431
0	0	1	0
0	0	0	1
#352
1	0	0	16.6758
0	1	0	45.2383
0	0	1	0
0	0	0	1
#353
1	0	0	16.5899
0	1	0	36.6645
0	0	1	0
0	0	0	1
#354
1	0	0	16.6358
0	1	0	48.7403
0	0	1	0
0	0	0	1
#355
1	0	0	16.7528
0	1	0	56.631
0	0	1	0
0	0	0	1
#356
1	0	0	18.558
0	1	0	45.1249
0	0	1	0
0	0	0	1
#357
1	0	0	18.5892
0	1	0	36.7425
0	0	1	0
0	0	0	1
#358
1	0	0	18.8072
0	1	0	48.7555
0	0	1	0
0	0	0	1
#359
1	0	0	18.75
0	1	0	56.5663
0	0	1	0
0	0	0	1
#36
1	0	0	55.7849
0	1	0	90.1587
0	0	1	0
0	0	0	1
#360
1	0	0	20.9477
0	1	0	45.0491
0	0	1	0
0	0	0	1
#361
1	0	0	21.0685
0	1	0	36.8543
0	0	1	0
0	0	0	1
#362
1	0	0	20.8143
0	1	0	48.4634
0	0	1	0
0	0	0	1
#363
1	0	0	20.9569
0	1	0	56.5379
0	0	1	0
0	0	0	1
#364
1	0	0	23.2238
0	1	0	45.0699
0	0	1	0
0	0	0	1
#365
1	0	0	22.9651
0	1	0	36.8969
0	0	1	0
0	0	0	1
#366
1	0	0	22.8214
0	1	0	48.3723
0	0	1	0
0	0	0	1
#367
1	0	0	23.0087
0	1	0	56.3637
0	0	1	0
0	0	0	1
#368
1	0	0	2.577
0	1	0	22.5867
0	0	1	0
0	0	0	1
#369
1	0	0	2.51113
0	1	0	12.8757
0	0	1	0
0	0	0	1
#37
1	0	0	55.8188
0	1	0	81.839
0	0	1	0
0	0	0	1
#370
1	0	0	2.42017
0	1	0	26.2126
0	0	1	0
0	0	0	1
#371
1	0	0	2.49463
0	1	0	34.7984
0	0	1	0
0	0	0	1
#372
1	0	0	4.51677
0	1	0	22.7547
0	0	1	0
0	0	0	1
#373
1	0	0	4.56071
0	1	0	12.8364
0	0	1	0
0	0	0	1
#374
1	0	0	4.39278
0	1	0	26.221
0	0	1	0
0	0	0	1
#375
1	0	0	4.54338
0	1	0	34.7739
0	0	1	0
0	0	0	1
#376
1	0	0	6.39049
0	1	0	22.8017
0	0	1	0
0	0	0	1
#377
1	0	0	6.58077
0	1	0	12.6545
0	0	1	0
0	0	0	1
#378
1	0	0	6.48165
0	1	0	25.7314
0	0	1	0
0	0	0	1
#379
1	0	0	6.37559
0	1	0	34.8391
0	0	1	0
0	0	0	1
#38
1	0	0	55.8641
0	1	0	93.5864
0	0	1	0
0	0	0	1
#380
1	0	0	8.44621
0	1	0	22.3739
0	0	1	0
0	0	0	1
#381
1	0	0	8.72982
0	1	0	12.5601
0	0	1	0
0	0	0	1
#382
1	0	0	8.67927
0	1	0	26.1155
0	0	1	0
0	0	0	1
#383
1	0	0	8.52494
0	1	0	34.8963
0	0	1	0
0	0	0	1
#384
1	0	0	10.4474
0	1	0	22.3269
0	0	1	0
0	0	0	1
#385
1	0	0	10.7102
0	1	0	13.0906
0	0	1	0
0	0	0	1
#386
1	0	0	10.6589
0	1	0	26.4812
0	0	1	0
0	0	0	1
#387
1	0	0	10.8203
0	1	0	34.5627
0	0	1	0
0	0	0	1
#388
1	0	0	12.8926
0	1	0	22.701
0	0	1	0
0	0	0	1
#389
1	0	0	12.7266
0	1	0	13.5458
0	0	1	0
0	0	0	1
#39
1	0	0	55.5004
0	1	0	101.899
0	0	1	0
0	0	0	1
#390
1	0	0	12.8831
0	1	0	26.1304
0	0	1	0
0	0	0	1
#391
1	0	0	12.6709
0	1	0	34.7021
0	0	1	0
0	0	0	1
#392
1	0	0	14.7419
0	1	0	22.6204
0	0	1	0
0	0	0	1
#393
1	0	0	14.978
0	1	0	13.5535
0	0	1	0
0	0	0	1
#394
1	0	0	14.7349
0	1	0	26.2655
0	0	1	0
0	0	0	1
#395
1	0	0	14.6688
0	1	0	34.3681
0	0	1	0
0	0	0	1
#396
1	0	0	16.6714
0	1	0	22.9387
0	0	1	0
0	0	0	1
#397
1	0	0	16.8045
0	1	0	14.0678
0	0	1	0
0	0	0	1
#398
1	0	0	16.6507
0	1	0	26.0335
0	0	1	0
0	0	0	1
#399
1	0	0	16.8326
0	1	0	34.4776
0	0	1	0
0	0	0	1
#4
1	0	0	74.1789
0	1	0	90.7581
0	0	1	0
0	0	0	1
#40
1	0	0	50.2948
0	1	0	89.6172
0	0	1	0
0	0	0	1
#400
1	0	0	18.8402
0	1	0	22.5295
0	0	1	0
0	0	0	1
#401
1	0	0	18.713
0	1	0	14.4377
0	0	1	0
0	0	0	1
#402
1	0	0	18.5949
0	1	0	26.408
0	0	1	0
0	0	0	1
#403
1	0	0	18.9391
0	1	0	34.603
0	0	1	0
0	0	0	1
#404
1	0	0	20.9367
0	1	0	22.6304
0	0	1	0
0	0	0	1
#405
1	0	0	21.0288
0	1	0	13.9254
0	0	1	0
0	0	0	1
#406
1	0	0	20.9072
0	1	0	25.9128
0	0	1	0
0	0	0	1
#407
1	0	0	21.1007
0	1	0	34.5235
0	0	1	0
0	0	0	1
#408
1	0	0	23.0468
0	1	0	22.7478
0	0	1	0
0	0	0	1
#409
1	0	0	22.6076
0	1	0	13.7998
0	0	1	0
0	0	0	1
#41
1	0	0	50.4168
0	1	0	81.8536
0	0	1	0
0	0	0	1
#410
1	0	0	23.0425
0	1	0	26.4539
0	0	1	0
0	0	0	1
#411
1	0	0	23.1686
0	1	0	34.4491
0	0	1	0
0	0	0	1
#412
1	0	0	28.6764
0	1	0	22.689
0	0	1	0
0	0	0	1
#413
1	0	0	28.4714
0	1	0	13.3464
0	0	1	0
0	0	0	1
#414
1	0	0	28.9201
0	1	0	26.4314
0	0	1	0
0	0	0	1
#415
1	0	0	28.7984
0	1	0	34.0362
0	0	1	0
0	0	0	1
#416
1	0	0	31.7057
0	1	0	22.5822
0	0	1	0
0	0	0	1
#417
1	0	0	31.6764
0	1	0	13.6109
0	0	1	0
0	0	0	1
#418
1	0	0	32.1004
0	1	0	26.8227
0	0	1	0
0	0	0	1
#419
1	0	0	32.1649
0	1	0	34.1954
0	0	1	0
0	0	0	1
#42
1	0	0	50.3599
0	1	0	93.2442
0	0	1	0
0	0	0	1
#420
1	0	0	35.1285
0	1	0	22.6171
0	0	1	0
0	0	0	1
#421
1	0	0	34.9292
0	1	0	13.2011
0	0	1	0
0	0	0	1
#422
1	0	0	34.8391
0	1	0	26.1111
0	0	1	0
0	0	0	1
#423
1	0	0	35.3117
0	1	0	33.7956
0	0	1	0
0	0	0	1
#424
1	0	0	37.8703
0	1	0	23.0187
0	0	1	0
0	0	0	1
#425
1	0	0	38.0122
0	1	0	13.187
0	0	1	0
0	0	0	1
#426
1	0	0	37.7507
0	1	0	26.1566
0	0	1	0
0	0	0	1
#427
1	0	0	38.0347
0	1	0	33.5227
0	0	1	0
0	0	0	1
#428
1	0	0	41.2616
0	1	0	22.9239
0	0	1	0
0	0	0	1
#429
1	0	0	40.8459
0	1	0	12.8201
0	0	1	0
0	0	0	1
#43
1	0	0	49.9667
0	1	0	101.856
0	0	1	0
0	0	0	1
#430
1	0	0	40.8678
0	1	0	26.1498
0	0	1	0
0	0	0	1
#431
1	0	0	40.7864
0	1	0	33.7691
0	0	1	0
0	0	0	1
#432
1	0	0	44.0017
0	1	0	22.7448
0	0	1	0
0	0	0	1
#433
1	0	0	43.9137
0	1	0	13.1055
0	0	1	0
0	0	0	1
#434
1	0	0	43.7739
0	1	0	26.2822
0	0	1	0
0	0	0	1
#435
1	0	0	43.7968
0	1	0	33.7126
0	0	1	0
0	0	0	1
#436
1	0	0	46.9962
0	1	0	22.9098
0	0	1	0
0	0	0	1
#437
1	0	0	46.4573
0	1	0	13.4935
0	0	1	0
0	0	0	1
#438
1	0	0	47.0901
0	1	0	26.4666
0	0	1	0
0	0	0	1
#439
1	0	0	47.0284
0	1	0	33.9148
0	0	1	0
0	0	0	1
#44
1	0	0	48.0566
0	1	0	90.1941
0	0	1	0
0	0	0	1
#440
1	0	0	49.9733
0	1	0	22.6305
0	0	1	0
0	0	0	1
#441
1	0	0	50.1274
0	1	0	13.0114
0	0	1	0
0	0	0	1
#442
1	0	0	50.1477
0	1	0	26.4285
0	0	1	0
0	0	0	1
#443
1	0	0	49.9436
0	1	0	33.9244
0	0	1	0
0	0	0	1
#444
1	0	0	55.6987
0	1	0	26.2184
0	0	1	0
0	0	0	1
#445
1	0	0	55.6538
0	1	0	34.7165
0	0	1	0
0	0	0	1
#446
1	0	0	55.6426
0	1	0	22.8486
0	0	1	0
0	0	0	1
#447
1	0	0	55.76
0	1	0	13.9284
0	0	1	0
0	0	0	1
#448
1	0	0	58.1211
0	1	0	25.6398
0	0	1	0
0	0	0	1
#449
1	0	0	58.0835
0	1	0	34.9818
0	0	1	0
0	0	0	1
#45
1	0	0	48.0872
0	1	0	82.0679
0	0	1	0
0	0	0	1
#450
1	0	0	58.1092
0	1	0	22.7779
0	0	1	0
0	0	0	1
#451
1	0	0	58.1312
0	1	0	14.0547
0	0	1	0
0	0	0	1
#452
1	0	0	60.4457
0	1	0	25.7691
0	0	1	0
0	0	0	1
#453
1	0	0	60.1444
0	1	0	35.2296
0	0	1	0
0	0	0	1
#454
1	0	0	60.252
0	1	0	22.8354
0	0	1	0
0	0	0	1
#455
1	0	0	60.2083
0	1	0	14.1734
0	0	1	0
0	0	0	1
#456
1	0	0	62.7028
0	1	0	25.8385
0	0	1	0
0	0	0	1
#457
1	0	0	62.5674
0	1	0	35.2403
0	0	1	0
0	0	0	1
#458
1	0	0	62.6648
0	1	0	22.7438
0	0	1	0
0	0	0	1
#459
1	0	0	62.3601
0	1	0	14.0025
0	0	1	0
0	0	0	1
#46
1	0	0	47.8833
0	1	0	93.3023
0	0	1	0
0	0	0	1
#460
1	0	0	64.8913
0	1	0	25.8506
0	0	1	0
0	0	0	1
#461
1	0	0	64.8722
0	1	0	35.1786
0	0	1	0
0	0	0	1
#462
1	0	0	64.7957
0	1	0	22.8083
0	0	1	0
0	0	0	1
#463
1	0	0	64.5852
0	1	0	14.064
0	0	1	0
0	0	0	1
#464
1	0	0	67.2953
0	1	0	26.3736
0	0	1	0
0	0	0	1
#465
1	0	0	67.0429
0	1	0	35.2255
0	0	1	0
0	0	0	1
#466
1	0	0	66.9539
0	1	0	22.5647
0	0	1	0
0	0	0	1
#467
1	0	0	66.7231
0	1	0	13.9581
0	0	1	0
0	0	0	1
#468
1	0	0	69.7922
0	1	0	26.0074
0	0	1	0
0	0	0	1
#469
1	0	0	69.6316
0	1	0	35.4557
0	0	1	0
0	0	0	1
#47
1	0	0	47.7253
0	1	0	101.923
0	0	1	0
0	0	0	1
#470
1	0	0	69.2831
0	1	0	22.8794
0	0	1	0
0	0	0	1
#471
1	0	0	69.0314
0	1	0	13.8176
0	0	1	0
0	0	0	1
#472
1	0	0	71.6151
0	1	0	25.6398
0	0	1	0
0	0	0	1
#473
1	0	0	71.8033
0	1	0	34.8683
0	0	1	0
0	0	0	1
#474
1	0	0	71.3475
0	1	0	22.659
0	0	1	0
0	0	0	1
#475
1	0	0	71.544
0	1	0	13.8756
0	0	1	0
0	0	0	1
#476
1	0	0	73.6867
0	1	0	26.4172
0	0	1	0
0	0	0	1
#477
1	0	0	74.2701
0	1	0	34.9678
0	0	1	0
0	0	0	1
#478
1	0	0	73.5446
0	1	0	22.9474
0	0	1	0
0	0	0	1
#479
1	0	0	73.8388
0	1	0	14.3157
0	0	1	0
0	0	0	1
#48
1	0	0	45.8547
0	1	0	89.9423
0	0	1	0
0	0	0	1
#480
1	0	0	76.2424
0	1	0	25.9609
0	0	1	0
0	0	0	1
#481
1	0	0	76.1242
0	1	0	34.9044
0	0	1	0
0	0	0	1
#482
1	0	0	75.7856
0	1	0	22.6931
0	0	1	0
0	0	0	1
#483
1	0	0	75.9247
0	1	0	14.2589
0	0	1	0
0	0	0	1
#484
1	0	0	2.55288
0	1	0	2.01332
0	0	1	0
0	0	0	1
#485
1	0	0	2.48529
0	1	0	10.7175
0	0	1	0
0	0	0	1
#486
1	0	0	4.72992
0	1	0	1.65808
0	0	1	0
0	0	0	1
#487
1	0	0	4.84136
0	1	0	11.0163
0	0	1	0
0	0	0	1
#488
1	0	0	6.40051
0	1	0	1.86238
0	0	1	0
0	0	0	1
#489
1	0	0	6.72244
0	1	0	10.6042
0	0	1	0
0	0	0	1
#49
1	0	0	45.6233
0	1	0	82.4636
0	0	1	0
0	0	0	1
#490
1	0	0	8.69782
0	1	0	2.22926
0	0	1	0
0	0	0	1
#491
1	0	0	8.73359
0	1	0	10.6361
0	0	1	0
0	0	0	1
#492
1	0	0	10.6859
0	1	0	1.97334
0	0	1	0
0	0	0	1
#493
1	0	0	10.7786
0	1	0	10.8548
0	0	1	0
0	0	0	1
#494
1	0	0	12.7181
0	1	0	2.03146
0	0	1	0
0	0	0	1
#495
1	0	0	12.8146
0	1	0	11.262
0	0	1	0
0	0	0	1
#496
1	0	0	14.7117
0	1	0	2.14984
0	0	1	0
0	0	0	1
#497
1	0	0	14.8008
0	1	0	11.2535
0	0	1	0
0	0	0	1
#498
1	0	0	16.6477
0	1	0	2.17605
0	0	1	0
0	0	0	1
#499
1	0	0	17.0766
0	1	0	11.2894
0	0	1	0
0	0	0	1
#5
1	0	0	74.3412
0	1	0	82.16
0	0	1	0
0	0	0	1
#50
1	0	0	45.8354
0	1	0	93.4224
0	0	1	0
0	0	0	1
#500
1	0	0	18.8592
0	1	0	2.04832
0	0	1	0
0	0	0	1
#501
1	0	0	19.0476
0	1	0	11.3287
0	0	1	0
0	0	0	1
#502
1	0	0	20.9042
0	1	0	1.96924
0	0	1	0
0	0	0	1
#503
1	0	0	21.0442
0	1	0	11.2303
0	0	1	0
0	0	0	1
#504
1	0	0	23.1781
0	1	0	2.03007
0	0	1	0
0	0	0	1
#505
1	0	0	23.0809
0	1	0	11.618
0	0	1	0
0	0	0	1
#506
1	0	0	28.0253
0	1	0	1.38811
0	0	1	0
0	0	0	1
#507
1	0	0	28.3379
0	1	0	11.53
0	0	1	0
0	0	0	1
#508
1	0	0	30.4777
0	1	0	1.7155
0	0	1	0
0	0	0	1
#509
1	0	0	30.7594
0	1	0	11.4777
0	0	1	0
0	0	0	1
#51
1	0	0	45.4891
0	1	0	101.89
0	0	1	0
0	0	0	1
#510
1	0	0	32.1161
0	1	0	1.2951
0	0	1	0
0	0	0	1
#511
1	0	0	32.5124
0	1	0	11.4346
0	0	1	0
0	0	0	1
#512
1	0	0	34.3096
0	1	0	1.81256
0	0	1	0
0	0	0	1
#513
1	0	0	34.4619
0	1	0	11.255
0	0	1	0
0	0	0	1
#514
1	0	0	36.2424
0	1	0	1.64125
0	0	1	0
0	0	0	1
#515
1	0	0	36.5086
0	1	0	11.2946
0	0	1	0
0	0	0	1
#516
1	0	0	38.1944
0	1	0	1.69549
0	0	1	0
0	0	0	1
#517
1	0	0	38.3911
0	1	0	11.1525
0	0	1	0
0	0	0	1
#518
1	0	0	40.2289
0	1	0	1.67967
0	0	1	0
0	0	0	1
#519
1	0	0	40.5579
0	1	0	10.8102
0	0	1	0
0	0	0	1
#52
1	0	0	43.6742
0	1	0	89.8784
0	0	1	0
0	0	0	1
#520
1	0	0	42.2746
0	1	0	1.41809
0	0	1	0
0	0	0	1
#521
1	0	0	42.7712
0	1	0	10.9834
0	0	1	0
0	0	0	1
#522
1	0	0	44.4802
0	1	0	1.30492
0	0	1	0
0	0	0	1
#523
1	0	0	44.6305
0	1	0	11.1779
0	0	1	0
0	0	0	1
#524
1	0	0	46.3983
0	1	0	1.03304
0	0	1	0
0	0	0	1
#525
1	0	0	46.6076
0	1	0	10.6175
0	0	1	0
0	0	0	1
#526
1	0	0	48.5103
0	1	0	1.18048
0	0	1	0
0	0	0	1
#527
1	0	0	48.6777
0	1	0	10.6817
0	0	1	0
0	0	0	1
#528
1	0	0	50.2802
0	1	0	1.23453
0	0	1	0
0	0	0	1
#529
1	0	0	50.6594
0	1	0	10.5271
0	0	1	0
0	0	0	1
#53
1	0	0	43.4628
0	1	0	82.5774
0	0	1	0
0	0	0	1
#530
1	0	0	55.9755
0	1	0	1.3172
0	0	1	0
0	0	0	1
#531
1	0	0	55.8556
0	1	0	11.6899
0	0	1	0
0	0	0	1
#532
1	0	0	58.1706
0	1	0	1.55176
0	0	1	0
0	0	0	1
#533
1	0	0	58.2027
0	1	0	11.5492
0	0	1	0
0	0	0	1
#534
1	0	0	60.1138
0	1	0	1.39587
0	0	1	0
0	0	0	1
#535
1	0	0	60.3943
0	1	0	11.5893
0	0	1	0
0	0	0	1
#536
1	0	0	62.4853
0	1	0	1.44612
0	0	1	0
0	0	0	1
#537
1	0	0	62.4525
0	1	0	11.6647
0	0	1	0
0	0	0	1
#538
1	0	0	64.6751
0	1	0	1.58392
0	0	1	0
0	0	0	1
#539
1	0	0	64.8595
0	1	0	11.8223
0	0	1	0
0	0	0	1
#54
1	0	0	43.5547
0	1	0	93.2398
0	0	1	0
0	0	0	1
#540
1	0	0	66.9466
0	1	0	1.64901
0	0	1	0
0	0	0	1
#541
1	0	0	67.1432
0	1	0	11.977
0	0	1	0
0	0	0	1
#542
1	0	0	69.3189
0	1	0	1.59347
0	0	1	0
0	0	0	1
#543
1	0	0	69.344
0	1	0	11.9437
0	0	1	0
0	0	0	1
#544
1	0	0	71.3807
0	1	0	1.53416
0	0	1	0
0	0	0	1
#545
1	0	0	71.6129
0	1	0	12.3218
0	0	1	0
0	0	0	1
#546
1	0	0	73.6394
0	1	0	1.48461
0	0	1	0
0	0	0	1
#547
1	0	0	73.6795
0	1	0	12.6036
0	0	1	0
0	0	0	1
#548
1	0	0	75.841
0	1	0	1.47912
0	0	1	0
0	0	0	1
#549
1	0	0	76.0372
0	1	0	12.4917
0	0	1	0
0	0	0	1
#55
1	0	0	43.348
0	1	0	101.506
0	0	1	0
0	0	0	1
#550
1	0	0	82.7701
0	1	0	-1.43765
0	0	1	0
0	0	0	1
#551
1	0	0	96.0034
0	1	0	-1.35033
0	0	1	0
0	0	0	1
#552
1	0	0	82.9872
0	1	0	2.6207
0	0	1	0
0	0	0	1
#553
1	0	0	96.2186
0	1	0	2.61716
0	0	1	0
0	0	0	1
#554
1	0	0	82.6622
0	1	0	7.12406
0	0	1	0
0	0	0	1
#555
1	0	0	96.3243
0	1	0	6.43194
0	0	1	0
0	0	0	1
#556
1	0	0	83.1674
0	1	0	10.8833
0	0	1	0
0	0	0	1
#557
1	0	0	96.2128
0	1	0	10.8349
0	0	1	0
0	0	0	1
#558
1	0	0	82.947
0	1	0	14.9664
0	0	1	0
0	0	0	1
#559
1	0	0	96.5688
0	1	0	14.9568
0	0	1	0
0	0	0	1
#56
1	0	0	41.2357
0	1	0	89.4809
0	0	1	0
0	0	0	1
#560
1	0	0	85.6438
0	1	0	35.3822
0	0	1	0
0	0	0	1
#561
1	0	0	96.2685
0	1	0	35.5088
0	0	1	0
0	0	0	1
#562
1	0	0	85.7027
0	1	0	39.733
0	0	1	0
0	0	0	1
#563
1	0	0	96.5668
0	1	0	39.5101
0	0	1	0
0	0	0	1
#564
1	0	0	85.8966
0	1	0	44.0834
0	0	1	0
0	0	0	1
#565
1	0	0	96.6728
0	1	0	43.6367
0	0	1	0
0	0	0	1
#566
1	0	0	85.9644
0	1	0	47.4327
0	0	1	0
0	0	0	1
#567
1	0	0	96.6929
0	1	0	47.1812
0	0	1	0
0	0	0	1
#568
1	0	0	101.845
0	1	0	91.7952
0	0	1	0
0	0	0	1
#569
1	0	0	102.244
0	1	0	80.1147
0	0	1	0
0	0	0	1
#57
1	0	0	41.2042
0	1	0	82.6896
0	0	1	0
0	0	0	1
#570
1	0	0	103.816
0	1	0	91.4177
0	0	1	0
0	0	0	1
#571
1	0	0	104.332
0	1	0	79.9955
0	0	1	0
0	0	0	1
#572
1	0	0	105.799
0	1	0	91.419
0	0	1	0
0	0	0	1
#573
1	0	0	106.366
0	1	0	80.5345
0	0	1	0
0	0	0	1
#574
1	0	0	107.666
0	1	0	91.543
0	0	1	0
0	0	0	1
#575
1	0	0	108.422
0	1	0	80.3158
0	0	1	0
0	0	0	1
#576
1	0	0	110.038
0	1	0	91.4363
0	0	1	0
0	0	0	1
#577
1	0	0	110.557
0	1	0	80.2831
0	0	1	0
0	0	0	1
#578
1	0	0	112.18
0	1	0	91.5967
0	0	1	0
0	0	0	1
#579
1	0	0	112.623
0	1	0	80.2859
0	0	1	0
0	0	0	1
#58
1	0	0	41.3452
0	1	0	92.9263
0	0	1	0
0	0	0	1
#580
1	0	0	114.139
0	1	0	91.7834
0	0	1	0
0	0	0	1
#581
1	0	0	114.563
0	1	0	80.5473
0	0	1	0
0	0	0	1
#582
1	0	0	116.158
0	1	0	92.0258
0	0	1	0
0	0	0	1
#583
1	0	0	116.642
0	1	0	80.4216
0	0	1	0
0	0	0	1
#584
1	0	0	118.267
0	1	0	92.0242
0	0	1	0
0	0	0	1
#585
1	0	0	118.676
0	1	0	80.3823
0	0	1	0
0	0	0	1
#586
1	0	0	130.922
0	1	0	97.0714
0	0	1	0
0	0	0	1
#587
1	0	0	130.534
0	1	0	103.7
0	0	1	0
0	0	0	1
#588
1	0	0	131.314
0	1	0	93.1542
0	0	1	0
0	0	0	1
#589
1	0	0	131.465
0	1	0	87.691
0	0	1	0
0	0	0	1
#59
1	0	0	41.2883
0	1	0	101.802
0	0	1	0
0	0	0	1
#590
1	0	0	132.724
0	1	0	96.9769
0	0	1	0
0	0	0	1
#591
1	0	0	132.386
0	1	0	103.942
0	0	1	0
0	0	0	1
#592
1	0	0	133.211
0	1	0	93.2739
0	0	1	0
0	0	0	1
#593
1	0	0	133.453
0	1	0	87.5925
0	0	1	0
0	0	0	1
#594
1	0	0	134.524
0	1	0	97.3868
0	0	1	0
0	0	0	1
#595
1	0	0	134.231
0	1	0	104.143
0	0	1	0
0	0	0	1
#596
1	0	0	135.056
0	1	0	93.1838
0	0	1	0
0	0	0	1
#597
1	0	0	135.3
0	1	0	87.6902
0	0	1	0
0	0	0	1
#598
1	0	0	136.423
0	1	0	97.2066
0	0	1	0
0	0	0	1
#599
1	0	0	136.13
0	1	0	103.979
0	0	1	0
0	0	0	1
#6
1	0	0	73.9526
0	1	0	93.856
0	0	1	0
0	0	0	1
#60
1	0	0	38.9162
0	1	0	89.8832
0	0	1	0
0	0	0	1
#600
1	0	0	136.765
0	1	0	93.5846
0	0	1	0
0	0	0	1
#601
1	0	0	136.961
0	1	0	87.9043
0	0	1	0
0	0	0	1
#602
1	0	0	138.186
0	1	0	97.0522
0	0	1	0
0	0	0	1
#603
1	0	0	137.941
0	1	0	103.789
0	0	1	0
0	0	0	1
#604
1	0	0	138.53
0	1	0	93.7664
0	0	1	0
0	0	0	1
#605
1	0	0	138.873
0	1	0	88.1979
0	0	1	0
0	0	0	1
#606
1	0	0	140.006
0	1	0	97.1658
0	0	1	0
0	0	0	1
#607
1	0	0	139.956
0	1	0	103.893
0	0	1	0
0	0	0	1
#608
1	0	0	140.301
0	1	0	93.6297
0	0	1	0
0	0	0	1
#609
1	0	0	140.597
0	1	0	88.3943
0	0	1	0
0	0	0	1
#61
1	0	0	39.1417
0	1	0	82.9249
0	0	1	0
0	0	0	1
#610
1	0	0	141.931
0	1	0	97.5273
0	0	1	0
0	0	0	1
#611
1	0	0	141.632
0	1	0	103.996
0	0	1	0
0	0	0	1
#612
1	0	0	142.13
0	1	0	94.0063
0	0	1	0
0	0	0	1
#613
1	0	0	142.477
0	1	0	88.7591
0	0	1	0
0	0	0	1
#614
1	0	0	143.716
0	1	0	97.6684
0	0	1	0
0	0	0	1
#615
1	0	0	143.415
0	1	0	104.1
0	0	1	0
0	0	0	1
#616
1	0	0	144.063
0	1	0	94.0914
0	0	1	0
0	0	0	1
#617
1	0	0	144.165
0	1	0	88.6861
0	0	1	0
0	0	0	1
#618
1	0	0	145.458
0	1	0	97.6372
0	0	1	0
0	0	0	1
#619
1	0	0	145.309
0	1	0	104.083
0	0	1	0
0	0	0	1
#62
1	0	0	39.0018
0	1	0	92.7835
0	0	1	0
0	0	0	1
#620
1	0	0	145.906
0	1	0	94.2509
0	0	1	0
0	0	0	1
#621
1	0	0	145.909
0	1	0	88.8847
0	0	1	0
0	0	0	1
#622
1	0	0	147.458
0	1	0	97.8768
0	0	1	0
0	0	0	1
#623
1	0	0	147.054
0	1	0	103.989
0	0	1	0
0	0	0	1
#624
1	0	0	147.606
0	1	0	94.1882
0	0	1	0
0	0	0	1
#625
1	0	0	147.862
0	1	0	88.8316
0	0	1	0
0	0	0	1
#626
1	0	0	149.4
0	1	0	97.8722
0	0	1	0
0	0	0	1
#627
1	0	0	148.951
0	1	0	104.219
0	0	1	0
0	0	0	1
#628
1	0	0	149.35
0	1	0	94.2268
0	0	1	0
0	0	0	1
#629
1	0	0	149.847
0	1	0	88.9147
0	0	1	0
0	0	0	1
#63
1	0	0	39.2365
0	1	0	102.223
0	0	1	0
0	0	0	1
#630
1	0	0	151.195
0	1	0	97.8893
0	0	1	0
0	0	0	1
#631
1	0	0	150.796
0	1	0	104.1
0	0	1	0
0	0	0	1
#632
1	0	0	151.598
0	1	0	94.4777
0	0	1	0
0	0	0	1
#633
1	0	0	151.647
0	1	0	89.0054
0	0	1	0
0	0	0	1
#634
1	0	0	152.852
0	1	0	97.7795
0	0	1	0
0	0	0	1
#635
1	0	0	152.702
0	1	0	104.107
0	0	1	0
0	0	0	1
#636
1	0	0	153.156
0	1	0	94.7346
0	0	1	0
0	0	0	1
#637
1	0	0	153.566
0	1	0	89.1067
0	0	1	0
0	0	0	1
#638
1	0	0	154.728
0	1	0	98.1393
0	0	1	0
0	0	0	1
#639
1	0	0	154.521
0	1	0	104.364
0	0	1	0
0	0	0	1
#64
1	0	0	36.8799
0	1	0	89.8488
0	0	1	0
0	0	0	1
#640
1	0	0	155.081
0	1	0	94.6605
0	0	1	0
0	0	0	1
#641
1	0	0	155.489
0	1	0	89.1721
0	0	1	0
0	0	0	1
#642
1	0	0	155.328
0	1	0	81.6016
0	0	1	0
0	0	0	1
#643
1	0	0	155.328
0	1	0	87.5878
0	0	1	0
0	0	0	1
#644
1	0	0	153.457
0	1	0	81.7411
0	0	1	0
0	0	0	1
#645
1	0	0	153.257
0	1	0	87.5231
0	0	1	0
0	0	0	1
#646
1	0	0	151.612
0	1	0	81.7221
0	0	1	0
0	0	0	1
#647
1	0	0	151.331
0	1	0	87.2477
0	0	1	0
0	0	0	1
#648
1	0	0	149.725
0	1	0	78.2052
0	0	1	0
0	0	0	1
#649
1	0	0	150.102
0	1	0	67.802
0	0	1	0
0	0	0	1
#65
1	0	0	36.7967
0	1	0	82.9719
0	0	1	0
0	0	0	1
#650
1	0	0	149.443
0	1	0	81.9381
0	0	1	0
0	0	0	1
#651
1	0	0	149.278
0	1	0	87.2976
0	0	1	0
0	0	0	1
#652
1	0	0	147.628
0	1	0	77.9377
0	0	1	0
0	0	0	1
#653
1	0	0	148.123
0	1	0	67.6232
0	0	1	0
0	0	0	1
#654
1	0	0	147.875
0	1	0	81.981
0	0	1	0
0	0	0	1
#655
1	0	0	147.628
0	1	0	87.262
0	0	1	0
0	0	0	1
#656
1	0	0	145.647
0	1	0	78.4741
0	0	1	0
0	0	0	1
#657
1	0	0	146.06
0	1	0	67.4582
0	0	1	0
0	0	0	1
#658
1	0	0	145.812
0	1	0	81.4034
0	0	1	0
0	0	0	1
#659
1	0	0	145.482
0	1	0	87.0557
0	0	1	0
0	0	0	1
#66
1	0	0	36.5901
0	1	0	93.0807
0	0	1	0
0	0	0	1
#660
1	0	0	143.661
0	1	0	78.3073
0	0	1	0
0	0	0	1
#661
1	0	0	144.325
0	1	0	67.2884
0	0	1	0
0	0	0	1
#662
1	0	0	143.331
0	1	0	81.4465
0	0	1	0
0	0	0	1
#663
1	0	0	143.331
0	1	0	87.1467
0	0	1	0
0	0	0	1
#664
1	0	0	141.929
0	1	0	78.1015
0	0	1	0
0	0	0	1
#665
1	0	0	142.177
0	1	0	67.3249
0	0	1	0
0	0	0	1
#666
1	0	0	141.681
0	1	0	81.2808
0	0	1	0
0	0	0	1
#667
1	0	0	141.351
0	1	0	87.02
0	0	1	0
0	0	0	1
#668
1	0	0	139.944
0	1	0	77.8117
0	0	1	0
0	0	0	1
#669
1	0	0	140.36
0	1	0	67.3249
0	0	1	0
0	0	0	1
#67
1	0	0	36.8993
0	1	0	101.966
0	0	1	0
0	0	0	1
#670
1	0	0	139.778
0	1	0	81.1987
0	0	1	0
0	0	0	1
#671
1	0	0	139.448
0	1	0	87.1054
0	0	1	0
0	0	0	1
#672
1	0	0	137.953
0	1	0	77.8102
0	0	1	0
0	0	0	1
#673
1	0	0	138.118
0	1	0	67.2693
0	0	1	0
0	0	0	1
#674
1	0	0	137.87
0	1	0	81.3652
0	0	1	0
0	0	0	1
#675
1	0	0	137.539
0	1	0	86.9456
0	0	1	0
0	0	0	1
#676
1	0	0	135.886
0	1	0	77.7275
0	0	1	0
0	0	0	1
#677
1	0	0	136.382
0	1	0	66.9799
0	0	1	0
0	0	0	1
#678
1	0	0	135.721
0	1	0	80.7451
0	0	1	0
0	0	0	1
#679
1	0	0	135.721
0	1	0	86.3273
0	0	1	0
0	0	0	1
#68
1	0	0	34.7895
0	1	0	89.714
0	0	1	0
0	0	0	1
#680
1	0	0	134.15
0	1	0	77.8533
0	0	1	0
0	0	0	1
#681
1	0	0	134.315
0	1	0	66.899
0	0	1	0
0	0	0	1
#682
1	0	0	133.736
0	1	0	80.7055
0	0	1	0
0	0	0	1
#683
1	0	0	133.571
0	1	0	86.286
0	0	1	0
0	0	0	1
#684
1	0	0	132.159
0	1	0	77.439
0	0	1	0
0	0	0	1
#685
1	0	0	132.242
0	1	0	67.3489
0	0	1	0
0	0	0	1
#686
1	0	0	131.574
0	1	0	80.6235
0	0	1	0
0	0	0	1
#687
1	0	0	131.408
0	1	0	86.0841
0	0	1	0
0	0	0	1
#688
1	0	0	80.7284
0	1	0	92.6439
0	0	1	0
0	0	0	1
#689
1	0	0	81.3241
0	1	0	69.2637
0	0	1	0
0	0	0	1
#69
1	0	0	34.5129
0	1	0	82.8473
0	0	1	0
0	0	0	1
#690
1	0	0	81.4255
0	1	0	47.2211
0	0	1	0
0	0	0	1
#691
1	0	0	79.4095
0	1	0	-0.635206
0	0	1	0
0	0	0	1
#692
1	0	0	94.0613
0	1	0	86.6544
0	0	1	0
0	0	0	1
#693
1	0	0	93.7434
0	1	0	54.2199
0	0	1	0
0	0	0	1
#694
1	0	0	83.7166
0	1	0	97.2727
0	0	1	0
0	0	0	1
#695
1	0	0	83.6922
0	1	0	95.4453
0	0	1	0
0	0	0	1
#696
1	0	0	83.8666
0	1	0	92.8242
0	0	1	0
0	0	0	1
#697
1	0	0	83.8753
0	1	0	91.4635
0	0	1	0
0	0	0	1
#698
1	0	0	84.0494
0	1	0	88.1177
0	0	1	0
0	0	0	1
#699
1	0	0	84.1487
0	1	0	86.6612
0	0	1	0
0	0	0	1
#7
1	0	0	73.6547
0	1	0	102.631
0	0	1	0
0	0	0	1
#70
1	0	0	34.4859
0	1	0	92.9566
0	0	1	0
0	0	0	1
#700
1	0	0	84.4716
0	1	0	83.4839
0	0	1	0
0	0	0	1
#701
1	0	0	84.4224
0	1	0	81.898
0	0	1	0
0	0	0	1
#702
1	0	0	84.6387
0	1	0	79.0073
0	0	1	0
0	0	0	1
#703
1	0	0	84.6949
0	1	0	77.5459
0	0	1	0
0	0	0	1
#704
1	0	0	84.8933
0	1	0	74.4494
0	0	1	0
0	0	0	1
#705
1	0	0	84.9348
0	1	0	72.851
0	0	1	0
0	0	0	1
#706
1	0	0	84.9387
0	1	0	69.8431
0	0	1	0
0	0	0	1
#707
1	0	0	84.9315
0	1	0	68.2475
0	0	1	0
0	0	0	1
#708
1	0	0	85.1262
0	1	0	65.8004
0	0	1	0
0	0	0	1
#709
1	0	0	91.4949
0	1	0	66.185
0	0	1	0
0	0	0	1
#71
1	0	0	34.9148
0	1	0	101.839
0	0	1	0
0	0	0	1
#710
1	0	0	91.0761
0	1	0	68.3816
0	0	1	0
0	0	0	1
#711
1	0	0	91.1021
0	1	0	69.9947
0	0	1	0
0	0	0	1
#712
1	0	0	90.7327
0	1	0	73.0853
0	0	1	0
0	0	0	1
#713
1	0	0	90.6873
0	1	0	74.7043
0	0	1	0
0	0	0	1
#714
1	0	0	90.5048
0	1	0	78.0885
0	0	1	0
0	0	0	1
#715
1	0	0	90.5298
0	1	0	79.5241
0	0	1	0
0	0	0	1
#716
1	0	0	90.3217
0	1	0	82.3293
0	0	1	0
0	0	0	1
#717
1	0	0	90.159
0	1	0	83.7935
0	0	1	0
0	0	0	1
#718
1	0	0	89.8787
0	1	0	86.3684
0	0	1	0
0	0	0	1
#719
1	0	0	89.8348
0	1	0	88.1114
0	0	1	0
0	0	0	1
#72
1	0	0	32.5482
0	1	0	89.8867
0	0	1	0
0	0	0	1
#720
1	0	0	89.6274
0	1	0	91.3228
0	0	1	0
0	0	0	1
#721
1	0	0	89.6765
0	1	0	92.5296
0	0	1	0
0	0	0	1
#722
1	0	0	89.4223
0	1	0	95.7572
0	0	1	0
0	0	0	1
#723
1	0	0	89.4245
0	1	0	97.303
0	0	1	0
0	0	0	1
#73
1	0	0	32.38
0	1	0	82.983
0	0	1	0
0	0	0	1
#74
1	0	0	32.4348
0	1	0	92.8585
0	0	1	0
0	0	0	1
#75
1	0	0	32.3623
0	1	0	101.823
0	0	1	0
0	0	0	1
#76
1	0	0	30.222
0	1	0	89.5808
0	0	1	0
0	0	0	1
#77
1	0	0	30.048
0	1	0	83.141
0	0	1	0
0	0	0	1
#78
1	0	0	30.3378
0	1	0	92.9233
0	0	1	0
0	0	0	1
#79
1	0	0	30.1738
0	1	0	101.612
0	0	1	0
0	0	0	1
#8
1	0	0	71.8775
0	1	0	90.5595
0	0	1	0
0	0	0	1
#80
1	0	0	28.0873
0	1	0	89.5542
0	0	1	0
0	0	0	1
#81
1	0	0	27.9796
0	1	0	82.8255
0	0	1	0
0	0	0	1
#82
1	0	0	27.9461
0	1	0	92.9455
0	0	1	0
0	0	0	1
#83
1	0	0	28.0726
0	1	0	101.955
0	0	1	0
0	0	0	1
#84
1	0	0	22.8814
0	1	0	89.5935
0	0	1	0
0	0	0	1
#85
1	0	0	22.8424
0	1	0	81.1064
0	0	1	0
0	0	0	1
#86
1	0	0	22.785
0	1	0	92.8593
0	0	1	0
0	0	0	1
#87
1	0	0	22.9409
0	1	0	103.187
0	0	1	0
0	0	0	1
#88
1	0	0	20.4534
0	1	0	89.4753
0	0	1	0
0	0	0	1
#89
1	0	0	20.5956
0	1	0	81.2975
0	0	1	0
0	0	0	1
#9
1	0	0	72.0409
0	1	0	82.0974
0	0	1	0
0	0	0	1
#90
1	0	0	20.7549
0	1	0	93.1943
0	0	1	0
0	0	0	1
#91
1	0	0	20.407
0	1	0	101.556
0	0	1	0
0	0	0	1
#92
1	0	0	18.561
0	1	0	89.3109
0	0	1	0
0	0	0	1
#93
1	0	0	18.4547
0	1	0	81.3528
0	0	1	0
0	0	0	1
#94
1	0	0	18.6961
0	1	0	93.6852
0	0	1	0
0	0	0	1
#95
1	0	0	18.7435
0	1	0	101.914
0	0	1	0
0	0	0	1
#96
1	0	0	16.5067
0	1	0	89.2953
0	0	1	0
0	0	0	1
#97
1	0	0	16.3482
0	1	0	81.6005
0	0	1	0
0	0	0	1
#98
1	0	0	16.2677
0	1	0	93.132
0	0	1	0
0	0	0	1
#99
1	0	0	16.5667
0	1	0	101.646
0	0	1	0
0	0	0	1
